60 50 50.0 -0.28901605131730634 2.7740835839999995 0.5
90 50 50.0 -0.3825645611014256 6.960556031999998 0.5
120 50 50.0 -0.37546886603794777 2.8240957439999987 0.5
150 50 50.0 -0.4038649013042294 3.475617792000004 0.5
180 50 50.0 -0.5205244538149337 4.115773439999998 0.5
210 50 50.0 -0.4839729513744263 2.8045455360000053 0.5
240 50 50.0 -0.6198510959394291 1.7474703360000003 0.5

60 50 50.0 -0.44533189229595493 6.668439552 0.5
90 50 50.0 -0.6835804120574872 1.9791175679999997 0.5
120 50 50.0 -0.4869914421966591 2.7693096959999988 0.5
150 50 50.0 -0.6844377110425413 2.8747898880000062 0.5
180 50 50.0 -0.7111509834036133 4.609757184000003 0.5


60 50 50.0 -0.33037267878151577 2.3583006719999977 0.5
90 50 50.0 -0.7482503324220093 2.1809848320000005 0.5
120 50 50.0 -0.6501061840020149 1.828171776000001 0.5
150 50 50.0 -0.5812391170266331 1.6517652480000007 0.5
180 50 50.0 -0.5594890888798453 2.015490047999999 0.5
210 50 50.0 -0.6845119162524961 2.0218552319999987 0.5
240 50 50.0 -0.6992363096958142 3.7677342720000033 0.5
270 50 50.0 -0.5959817006131722 2.178256896 0.5
300 50 50.0 -0.5662484722506101 1.8581790719999998 0.5
330 50 50.0 -0.559640521373729 4.137824255999996 0.5
360 50 50.0 -0.597462231674007 3.686805504000003 0.5
390 50 50.0 -0.4630058731418268 4.5351936 0.5
420 50 50.0 -0.7846973018212576 1.7945272319999994 0.5
450 50 50.0 -0.6465150638762337 1.964568575999999 0.5
480 50 50.0 -0.50995311200135 3.68953344 0.5
510 50 50.0 -0.6923080558541993 5.8082303999999985 0.5
540 50 50.0 -0.4971837373941731 2.875699199999999 0.5
570 50 50.0 -0.5647818526477104 3.0030028800000053 0.5
600 50 50.0 -0.49921464839830126 1.309863936 0.5
630 50 50.0 -0.47830460111177503 2.379214848000001 0.5
660 50 50.0 -0.5092785596361653 3.167588351999999 0.5
690 50 50.0 -0.46244498319675614 1.3580574719999994 0.5
720 50 50.0 -0.5039659522016207 2.234634239999999 0.5
750 50 50.0 -0.5208092451945617 4.597026816000002 0.5
780 50 50.0 -0.6339851364041167 1.4626283519999999 0.5
810 50 50.0 -0.4180187699490963 1.821806592000002 0.5
840 50 50.0 -0.49732393025212235 2.7856773119999985 0.5
870 50 50.0 -0.5582797647395179 3.645886464000007 0.5
900 50 50.0 -0.5334373548366976 4.2469416959999995 0.5
930 50 50.0 -0.4853129955296055 5.083508736000002 0.5
960 50 50.0 -0.4715209178440395 1.6135741440000007 0.5
990 50 50.0 -0.5126150931408774 2.6410967040000006 0.5
1020 50 50.0 -0.42885675490576014 3.6577075199999993 0.5
1050 50 50.0 -0.5978030857935245 4.480634880000001 0.5
1080 50 50.0 -0.43161076270967375 2.7993169920000005 0.5
1110 50 50.0 -0.44222844543640194 2.0864163840000014 0.5
1140 50 50.0 -0.3771222559563769 1.9945758720000022 0.5
1170 50 50.0 -0.4211753356329272 1.5981158400000004 0.5
1200 50 50.0 -0.4168513953091754 1.7908899840000005 0.5
60 50 1.0 -1.3367710191539697 0.017731584 2.5
90 50 1.0 -1.4385680767253508 0.017731584 3.0
120 50 89.5 -1.294046021123938 0.017731584 31.0
150 50 91.0 -0.8774654864493501 0.017731584 33.5
180 50 89.5 -0.9108485099537417 0.017731584 34.0
210 50 89.0 -0.7369762700317343 0.017731584 37.5
240 50 67.5 -1.0019767092579301 0.02045952000000001 29.5
270 50 1.0 -1.4027557520921474 0.019550208000000006 3.0
